************************************************************************************************************************
Sample 2217 - Plan 1: Query: which time period had the most live births?
Sample 2217 - Plan 1: Groundtruth: ['2005-2010']
Sample 2217 - Plan 1: X-Original table pd: 
       period live_births_per_year deaths_per_year natural_change_per_year  \
0   1950-1955              139 000          66 000                  74 000   
1   1955-1960              164 000          76 000                  88 000   
2   1960-1965              195 000          89 000                 105 000   
3   1965-1970              229 000         105 000                 124 000   
4   1970-1975              263 000         121 000                 142 000   
5   1975-1980              301 000         138 000                 164 000   
6   1980-1985              350 000         157 000                 193 000   
7   1985-1990              406 000         179 000                 227 000   
8   1990-1995              471 000         192 000                 279 000   
9   1995-2000              538 000         194 000                 344 000   
10  2000-2005              614 000         194 000                 420 000   
11  2005-2010              705 000         196 000                 509 000   

    cbr_  cdr_   nc_  tfr_  imr_  
0   52.6  24.8  27.8  6.86   174  
1   53.8  24.9  29.0  6.96   171  
2   55.5  25.5  30.1  7.13   167  
3   56.2  25.8  30.4  7.32   164  
4   55.8  25.6  30.2  7.52   162  
5   55.1  25.1  29.9  7.63   161  
6   55.4  24.8  30.6  7.76   159  
7   55.9  24.6  31.3  7.81   155  
8   55.5  22.7  32.8  7.78   146  
9   53.5  19.3  34.2  7.60   131  
10  51.3  16.2  35.1  7.40   113  
11  49.5  13.8  35.7  7.19    96  
Sample 2217 - Plan 1: Caption: none
Sample 2217 - Plan 1: Original table: [['period', 'live_births_per_year', 'deaths_per_year', 'natural_change_per_year', 'cbr_', 'cdr_', 'nc_', 'tfr_', 'imr_'], ['1950-1955', '139 000', '66 000', '74 000', '52.6', '24.8', '27.8', '6.86', '174'], ['1955-1960', '164 000', '76 000', '88 000', '53.8', '24.9', '29.0', '6.96', '171'], ['1960-1965', '195 000', '89 000', '105 000', '55.5', '25.5', '30.1', '7.13', '167'], ['1965-1970', '229 000', '105 000', '124 000', '56.2', '25.8', '30.4', '7.32', '164'], ['1970-1975', '263 000', '121 000', '142 000', '55.8', '25.6', '30.2', '7.52', '162'], ['1975-1980', '301 000', '138 000', '164 000', '55.1', '25.1', '29.9', '7.63', '161'], ['1980-1985', '350 000', '157 000', '193 000', '55.4', '24.8', '30.6', '7.76', '159'], ['1985-1990', '406 000', '179 000', '227 000', '55.9', '24.6', '31.3', '7.81', '155'], ['1990-1995', '471 000', '192 000', '279 000', '55.5', '22.7', '32.8', '7.78', '146'], ['1995-2000', '538 000', '194 000', '344 000', '53.5', '19.3', '34.2', '7.60', '131'], ['2000-2005', '614 000', '194 000', '420 000', '51.3', '16.2', '35.1', '7.40', '113'], ['2005-2010', '705 000', '196 000', '509 000', '49.5', '13.8', '35.7', '7.19', '96']]
########################################################################################################################
Sample 2217 - Plan 1: Operation 1: Extract the numerical value from the 'live_births_per_year' column then add column 'num_live_births' to the existing table.
Sample 2217 - Plan 1: Selected indices: [[0, 1], [1, 1], [2, 1], [3, 1], [4, 1], [5, 1], [6, 1], [7, 1], [8, 1], [9, 1], [10, 1], [11, 1]]
Sample 2217 - Plan 1: X-Table after operation df:
       period live_births_per_year deaths_per_year natural_change_per_year  \
0   1950-1955              139 000          66 000                  74 000   
1   1955-1960              164 000          76 000                  88 000   
2   1960-1965              195 000          89 000                 105 000   
3   1965-1970              229 000         105 000                 124 000   
4   1970-1975              263 000         121 000                 142 000   
5   1975-1980              301 000         138 000                 164 000   
6   1980-1985              350 000         157 000                 193 000   
7   1985-1990              406 000         179 000                 227 000   
8   1990-1995              471 000         192 000                 279 000   
9   1995-2000              538 000         194 000                 344 000   
10  2000-2005              614 000         194 000                 420 000   
11  2005-2010              705 000         196 000                 509 000   

    cbr_  cdr_   nc_  tfr_  imr_  num_live_births  
0   52.6  24.8  27.8  6.86   174           139000  
1   53.8  24.9  29.0  6.96   171           164000  
2   55.5  25.5  30.1  7.13   167           195000  
3   56.2  25.8  30.4  7.32   164           229000  
4   55.8  25.6  30.2  7.52   162           263000  
5   55.1  25.1  29.9  7.63   161           301000  
6   55.4  24.8  30.6  7.76   159           350000  
7   55.9  24.6  31.3  7.81   155           406000  
8   55.5  22.7  32.8  7.78   146           471000  
9   53.5  19.3  34.2  7.60   131           538000  
10  51.3  16.2  35.1  7.40   113           614000  
11  49.5  13.8  35.7  7.19    96           705000  
Sample 2217 - Plan 1: Table after operation: [['period', 'live_births_per_year', 'deaths_per_year', 'natural_change_per_year', 'cbr_', 'cdr_', 'nc_', 'tfr_', 'imr_', 'num_live_births'], ['1950-1955', '139 000', '66 000', '74 000', 52.6, 24.8, 27.8, 6.86, 174, 139000], ['1955-1960', '164 000', '76 000', '88 000', 53.8, 24.9, 29.0, 6.96, 171, 164000], ['1960-1965', '195 000', '89 000', '105 000', 55.5, 25.5, 30.1, 7.13, 167, 195000], ['1965-1970', '229 000', '105 000', '124 000', 56.2, 25.8, 30.4, 7.32, 164, 229000], ['1970-1975', '263 000', '121 000', '142 000', 55.8, 25.6, 30.2, 7.52, 162, 263000], ['1975-1980', '301 000', '138 000', '164 000', 55.1, 25.1, 29.9, 7.63, 161, 301000], ['1980-1985', '350 000', '157 000', '193 000', 55.4, 24.8, 30.6, 7.76, 159, 350000], ['1985-1990', '406 000', '179 000', '227 000', 55.9, 24.6, 31.3, 7.81, 155, 406000], ['1990-1995', '471 000', '192 000', '279 000', 55.5, 22.7, 32.8, 7.78, 146, 471000], ['1995-2000', '538 000', '194 000', '344 000', 53.5, 19.3, 34.2, 7.6, 131, 538000], ['2000-2005', '614 000', '194 000', '420 000', 51.3, 16.2, 35.1, 7.4, 113, 614000], ['2005-2010', '705 000', '196 000', '509 000', 49.5, 13.8, 35.7, 7.19, 96, 705000]]
########################################################################################################################
Sample 2217 - Plan 1: Operation 2: Order the table by 'num_live_births' in descending order.
Sample 2217 - Plan 1: Selected indices: [[9, 9], [4, 9], [0, 9], [11, 9], [7, 9], [2, 9], [8, 9], [3, 9], [10, 9], [5, 9], [6, 9], [1, 9]]
Sample 2217 - Plan 1: X-Table after operation df:
       period live_births_per_year deaths_per_year natural_change_per_year  \
0   2005-2010              705 000         196 000                 509 000   
1   2000-2005              614 000         194 000                 420 000   
2   1995-2000              538 000         194 000                 344 000   
3   1990-1995              471 000         192 000                 279 000   
4   1985-1990              406 000         179 000                 227 000   
5   1980-1985              350 000         157 000                 193 000   
6   1975-1980              301 000         138 000                 164 000   
7   1970-1975              263 000         121 000                 142 000   
8   1965-1970              229 000         105 000                 124 000   
9   1960-1965              195 000          89 000                 105 000   
10  1955-1960              164 000          76 000                  88 000   
11  1950-1955              139 000          66 000                  74 000   

    cbr_  cdr_   nc_  tfr_  imr_  num_live_births  
0   49.5  13.8  35.7  7.19    96           705000  
1   51.3  16.2  35.1  7.40   113           614000  
2   53.5  19.3  34.2  7.60   131           538000  
3   55.5  22.7  32.8  7.78   146           471000  
4   55.9  24.6  31.3  7.81   155           406000  
5   55.4  24.8  30.6  7.76   159           350000  
6   55.1  25.1  29.9  7.63   161           301000  
7   55.8  25.6  30.2  7.52   162           263000  
8   56.2  25.8  30.4  7.32   164           229000  
9   55.5  25.5  30.1  7.13   167           195000  
10  53.8  24.9  29.0  6.96   171           164000  
11  52.6  24.8  27.8  6.86   174           139000  
Sample 2217 - Plan 1: Table after operation: [['period', 'live_births_per_year', 'deaths_per_year', 'natural_change_per_year', 'cbr_', 'cdr_', 'nc_', 'tfr_', 'imr_', 'num_live_births'], ['2005-2010', '705 000', '196 000', '509 000', 49.5, 13.8, 35.7, 7.19, 96, 705000], ['2000-2005', '614 000', '194 000', '420 000', 51.3, 16.2, 35.1, 7.4, 113, 614000], ['1995-2000', '538 000', '194 000', '344 000', 53.5, 19.3, 34.2, 7.6, 131, 538000], ['1990-1995', '471 000', '192 000', '279 000', 55.5, 22.7, 32.8, 7.78, 146, 471000], ['1985-1990', '406 000', '179 000', '227 000', 55.9, 24.6, 31.3, 7.81, 155, 406000], ['1980-1985', '350 000', '157 000', '193 000', 55.4, 24.8, 30.6, 7.76, 159, 350000], ['1975-1980', '301 000', '138 000', '164 000', 55.1, 25.1, 29.9, 7.63, 161, 301000], ['1970-1975', '263 000', '121 000', '142 000', 55.8, 25.6, 30.2, 7.52, 162, 263000], ['1965-1970', '229 000', '105 000', '124 000', 56.2, 25.8, 30.4, 7.32, 164, 229000], ['1960-1965', '195 000', '89 000', '105 000', 55.5, 25.5, 30.1, 7.13, 167, 195000], ['1955-1960', '164 000', '76 000', '88 000', 53.8, 24.9, 29.0, 6.96, 171, 164000], ['1950-1955', '139 000', '66 000', '74 000', 52.6, 24.8, 27.8, 6.86, 174, 139000]]
########################################################################################################################
Sample 2217 - Plan 1: Operation 3: Select row number 1.
Sample 2217 - Plan 1: Selected indices: []
Sample 2217 - Plan 1: X-Table after operation df:
      period live_births_per_year deaths_per_year natural_change_per_year  \
0  2005-2010              705 000         196 000                 509 000   

   cbr_  cdr_   nc_  tfr_  imr_  num_live_births  
0  49.5  13.8  35.7  7.19    96           705000  
Sample 2217 - Plan 1: Table after operation: [['period', 'live_births_per_year', 'deaths_per_year', 'natural_change_per_year', 'cbr_', 'cdr_', 'nc_', 'tfr_', 'imr_', 'num_live_births'], ['2005-2010', '705 000', '196 000', '509 000', 49.5, 13.8, 35.7, 7.19, 96, 705000]]
########################################################################################################################
Sample 2217 - Plan 1: Operation 4: Select the 'period' column.
Sample 2217 - Plan 1: Selected indices: []
Sample 2217 - Plan 1: X-Table after operation df:
      period
0  2005-2010
Sample 2217 - Plan 1: Table after operation: [['period'], ['2005-2010']]
Fall-back: FALSE
Answer from plan 1: [['2005-2010']]
Groundtruth: ['2005-2010']
