************************************************************************************************************************
Sample 478 - Plan 1: Query: the last year to have less than 3 million total passengers.
Sample 478 - Plan 1: Groundtruth: ['2010']
Sample 478 - Plan 1: X-Original table pd: 
    year total_npassengers passenger_nchange   domestic  \
0   2000           930 251               +2%    698 957   
1   2001         1 028 295            +10,5%    733 022   
2   2002         1 182 815            +15,0%    793 295   
3   2003         1 335 757            +12,9%    879 665   
4   2004         1 553 628            +16,3%    972 287   
5   2005         1 566 792             +0,8%  1 006 422   
6   2006         1 764 948            +12,7%  1 128 489   
7   2007         2 345 097            +32,9%  1 486 888   
8   2008         2 529 395             +7,8%  1 523 102   
9   2009         2 169 136            −14,2%  1 290 639   
10  2010         2 748 919            +26,7%  1 529 245   
11  2011         3 355 883            +22,1%  1 856 948   
12  2012         3 783 069            +12.7%  1 934 016   
13  2013         4 293 002            +13.5%  2 180 227   

   international_n_total_ international_n_non_cis_      cis  \
0                 231 294                  155 898   75 396   
1                 295 273                  186 861  108 412   
2                 389 520                  239 461  150 059   
3                 456 092                  297 421  158 671   
4                 581 341                  429 049  152 292   
5                 560 370                  429 790  130 580   
6                 636 459                  488 954  147 505   
7                 858 209                  683 092  175 117   
8               1 006 293                  815 124  191 169   
9                 878 497                  727 718  150 779   
10              1 219 674                1 017 509  202 165   
11              1 498 935                1 184 771  314 164   
12              1 849 053                1 448 765  439 668   
13              2 112 775                                     

   aircraft_nlandings cargo_n_tonnes_  
0               8 619          18 344  
1               9 062          22 178  
2              10 162          20 153  
3              10 092          18 054  
4              11 816          20 457  
5              11 877          11 545  
6              13 289          15 519  
7              16 767          16 965  
8              16 407          17 142  
9              13 798          13 585  
10             15 989          22 946  
11             20 142          24 890  
12             21 728          25 866  
13             25 728          27 800  
Sample 478 - Plan 1: Caption: none
Sample 478 - Plan 1: Original table: [['year', 'total_npassengers', 'passenger_nchange', 'domestic', 'international_n_total_', 'international_n_non_cis_', 'cis', 'aircraft_nlandings', 'cargo_n_tonnes_'], ['2000', '930 251', '+2%', '698 957', '231 294', '155 898', '75 396', '8 619', '18 344'], ['2001', '1 028 295', '+10,5%', '733 022', '295 273', '186 861', '108 412', '9 062', '22 178'], ['2002', '1 182 815', '+15,0%', '793 295', '389 520', '239 461', '150 059', '10 162', '20 153'], ['2003', '1 335 757', '+12,9%', '879 665', '456 092', '297 421', '158 671', '10 092', '18 054'], ['2004', '1 553 628', '+16,3%', '972 287', '581 341', '429 049', '152 292', '11 816', '20 457'], ['2005', '1 566 792', '+0,8%', '1 006 422', '560 370', '429 790', '130 580', '11 877', '11 545'], ['2006', '1 764 948', '+12,7%', '1 128 489', '636 459', '488 954', '147 505', '13 289', '15 519'], ['2007', '2 345 097', '+32,9%', '1 486 888', '858 209', '683 092', '175 117', '16 767', '16 965'], ['2008', '2 529 395', '+7,8%', '1 523 102', '1 006 293', '815 124', '191 169', '16 407', '17 142'], ['2009', '2 169 136', '−14,2%', '1 290 639', '878 497', '727 718', '150 779', '13 798', '13 585'], ['2010', '2 748 919', '+26,7%', '1 529 245', '1 219 674', '1 017 509', '202 165', '15 989', '22 946'], ['2011', '3 355 883', '+22,1%', '1 856 948', '1 498 935', '1 184 771', '314 164', '20 142', '24 890'], ['2012', '3 783 069', '+12.7%', '1 934 016', '1 849 053', '1 448 765', '439 668', '21 728', '25 866'], ['2013', '4 293 002', '+13.5%', '2 180 227', '2 112 775', '', '', '25 728', '27 800']]
########################################################################################################################
Sample 478 - Plan 1: Operation 1: Select rows where 'total_npassengers' is less than 3 million.
Sample 478 - Plan 1: Selected indices: []
Sample 478 - Plan 1: X-Table after operation df:
    year total_npassengers passenger_nchange   domestic  \
0   2000           930 251               +2%    698 957   
1   2001         1 028 295            +10,5%    733 022   
2   2002         1 182 815            +15,0%    793 295   
3   2003         1 335 757            +12,9%    879 665   
4   2004         1 553 628            +16,3%    972 287   
5   2005         1 566 792             +0,8%  1 006 422   
6   2006         1 764 948            +12,7%  1 128 489   
7   2007         2 345 097            +32,9%  1 486 888   
8   2008         2 529 395             +7,8%  1 523 102   
9   2009         2 169 136            −14,2%  1 290 639   
10  2010         2 748 919            +26,7%  1 529 245   

   international_n_total_ international_n_non_cis_      cis  \
0                 231 294                  155 898   75 396   
1                 295 273                  186 861  108 412   
2                 389 520                  239 461  150 059   
3                 456 092                  297 421  158 671   
4                 581 341                  429 049  152 292   
5                 560 370                  429 790  130 580   
6                 636 459                  488 954  147 505   
7                 858 209                  683 092  175 117   
8               1 006 293                  815 124  191 169   
9                 878 497                  727 718  150 779   
10              1 219 674                1 017 509  202 165   

   aircraft_nlandings cargo_n_tonnes_  
0               8 619          18 344  
1               9 062          22 178  
2              10 162          20 153  
3              10 092          18 054  
4              11 816          20 457  
5              11 877          11 545  
6              13 289          15 519  
7              16 767          16 965  
8              16 407          17 142  
9              13 798          13 585  
10             15 989          22 946  
Sample 478 - Plan 1: Table after operation: [['year', 'total_npassengers', 'passenger_nchange', 'domestic', 'international_n_total_', 'international_n_non_cis_', 'cis', 'aircraft_nlandings', 'cargo_n_tonnes_'], [2000, '930 251', '+2%', '698 957', '231 294', '155 898', '75 396', '8 619', '18 344'], [2001, '1 028 295', '+10,5%', '733 022', '295 273', '186 861', '108 412', '9 062', '22 178'], [2002, '1 182 815', '+15,0%', '793 295', '389 520', '239 461', '150 059', '10 162', '20 153'], [2003, '1 335 757', '+12,9%', '879 665', '456 092', '297 421', '158 671', '10 092', '18 054'], [2004, '1 553 628', '+16,3%', '972 287', '581 341', '429 049', '152 292', '11 816', '20 457'], [2005, '1 566 792', '+0,8%', '1 006 422', '560 370', '429 790', '130 580', '11 877', '11 545'], [2006, '1 764 948', '+12,7%', '1 128 489', '636 459', '488 954', '147 505', '13 289', '15 519'], [2007, '2 345 097', '+32,9%', '1 486 888', '858 209', '683 092', '175 117', '16 767', '16 965'], [2008, '2 529 395', '+7,8%', '1 523 102', '1 006 293', '815 124', '191 169', '16 407', '17 142'], [2009, '2 169 136', '−14,2%', '1 290 639', '878 497', '727 718', '150 779', '13 798', '13 585'], [2010, '2 748 919', '+26,7%', '1 529 245', '1 219 674', '1 017 509', '202 165', '15 989', '22 946']]
########################################################################################################################
Sample 478 - Plan 1: Operation 2: Order the table by 'year' in descending order.
Sample 478 - Plan 1: Selected indices: [[9, 0], [4, 0], [0, 0], [7, 0], [2, 0], [8, 0], [3, 0], [10, 0], [5, 0], [6, 0], [1, 0]]
Sample 478 - Plan 1: X-Table after operation df:
    year total_npassengers passenger_nchange   domestic  \
0   2010         2 748 919            +26,7%  1 529 245   
1   2009         2 169 136            −14,2%  1 290 639   
2   2008         2 529 395             +7,8%  1 523 102   
3   2007         2 345 097            +32,9%  1 486 888   
4   2006         1 764 948            +12,7%  1 128 489   
5   2005         1 566 792             +0,8%  1 006 422   
6   2004         1 553 628            +16,3%    972 287   
7   2003         1 335 757            +12,9%    879 665   
8   2002         1 182 815            +15,0%    793 295   
9   2001         1 028 295            +10,5%    733 022   
10  2000           930 251               +2%    698 957   

   international_n_total_ international_n_non_cis_      cis  \
0               1 219 674                1 017 509  202 165   
1                 878 497                  727 718  150 779   
2               1 006 293                  815 124  191 169   
3                 858 209                  683 092  175 117   
4                 636 459                  488 954  147 505   
5                 560 370                  429 790  130 580   
6                 581 341                  429 049  152 292   
7                 456 092                  297 421  158 671   
8                 389 520                  239 461  150 059   
9                 295 273                  186 861  108 412   
10                231 294                  155 898   75 396   

   aircraft_nlandings cargo_n_tonnes_  
0              15 989          22 946  
1              13 798          13 585  
2              16 407          17 142  
3              16 767          16 965  
4              13 289          15 519  
5              11 877          11 545  
6              11 816          20 457  
7              10 092          18 054  
8              10 162          20 153  
9               9 062          22 178  
10              8 619          18 344  
Sample 478 - Plan 1: Table after operation: [['year', 'total_npassengers', 'passenger_nchange', 'domestic', 'international_n_total_', 'international_n_non_cis_', 'cis', 'aircraft_nlandings', 'cargo_n_tonnes_'], [2010, '2 748 919', '+26,7%', '1 529 245', '1 219 674', '1 017 509', '202 165', '15 989', '22 946'], [2009, '2 169 136', '−14,2%', '1 290 639', '878 497', '727 718', '150 779', '13 798', '13 585'], [2008, '2 529 395', '+7,8%', '1 523 102', '1 006 293', '815 124', '191 169', '16 407', '17 142'], [2007, '2 345 097', '+32,9%', '1 486 888', '858 209', '683 092', '175 117', '16 767', '16 965'], [2006, '1 764 948', '+12,7%', '1 128 489', '636 459', '488 954', '147 505', '13 289', '15 519'], [2005, '1 566 792', '+0,8%', '1 006 422', '560 370', '429 790', '130 580', '11 877', '11 545'], [2004, '1 553 628', '+16,3%', '972 287', '581 341', '429 049', '152 292', '11 816', '20 457'], [2003, '1 335 757', '+12,9%', '879 665', '456 092', '297 421', '158 671', '10 092', '18 054'], [2002, '1 182 815', '+15,0%', '793 295', '389 520', '239 461', '150 059', '10 162', '20 153'], [2001, '1 028 295', '+10,5%', '733 022', '295 273', '186 861', '108 412', '9 062', '22 178'], [2000, '930 251', '+2%', '698 957', '231 294', '155 898', '75 396', '8 619', '18 344']]
########################################################################################################################
Sample 478 - Plan 1: Operation 3: Select the first row.
Sample 478 - Plan 1: Selected indices: []
Sample 478 - Plan 1: X-Table after operation df:
   year total_npassengers passenger_nchange   domestic international_n_total_  \
0  2010         2 748 919            +26,7%  1 529 245              1 219 674   

  international_n_non_cis_      cis aircraft_nlandings cargo_n_tonnes_  
0                1 017 509  202 165             15 989          22 946  
Sample 478 - Plan 1: Table after operation: [['year', 'total_npassengers', 'passenger_nchange', 'domestic', 'international_n_total_', 'international_n_non_cis_', 'cis', 'aircraft_nlandings', 'cargo_n_tonnes_'], [2010, '2 748 919', '+26,7%', '1 529 245', '1 219 674', '1 017 509', '202 165', '15 989', '22 946']]
########################################################################################################################
Sample 478 - Plan 1: Operation 4: Select the 'year' column.
Sample 478 - Plan 1: Selected indices: []
Sample 478 - Plan 1: X-Table after operation df:
   year
0  2010
Sample 478 - Plan 1: Table after operation: [['year'], [2010]]
Fall-back: FALSE
Answer from plan 1: [[2010]]
Groundtruth: ['2010']
