************************************************************************************************************************
Sample 398 - Plan 1: Query: what country is at the top?
Sample 398 - Plan 1: Groundtruth: ['United States']
Sample 398 - Plan 1: X-Original table pd: 
   rank  pair                      name        country     time time_behind
0          19               shani davis  united states  1:08.89            
1          20                joey cheek  united states  1:09.16       +0.27
2          21           erben wennemars    netherlands  1:09.32       +0.43
3     4    20             lee kyou-hyuk    south korea  1:09.37       +0.48
4     5    21                   jan bos    netherlands  1:09.42       +0.53
5     6     4              chad hedrick  united states  1:09.45       +0.56
6     7    16          yevgeny lalenkov         russia  1:09.46       +0.57
7     8    18          stefan groothuis    netherlands  1:09.57       +0.68
8     9    18        casey fitzrandolph  united states  1:09.59       +0.70
9    10     6          dmitry dorofeyev         russia  1:09.74       +0.85
10   11    19        jeremy wotherspoon         canada  1:09.76       +0.87
11   12     9           beorn nijenhuis    netherlands  1:09.85       +0.96
12   13     4       konrad niedźwiedzki         poland  1:09.95       +1.06
13   14    16     mikael flygind larsen         norway  1:10.13       +1.24
14   15    13            alexey proshin         russia  1:10.14       +1.25
15   16     7  françois-olivier roberge         canada  1:10.20       +1.31
16   17    11             choi jae-bong    south korea  1:10.23       +1.34
17   18    12           petter andersen         norway  1:10.38       +1.38
18   19    17            denny morrison         canada  1:10.44       +1.44
19   20    15               yusuke imai          japan  1:10.48       +1.59
20   21    15         aleksandr kibalko         russia  1:10.50       +1.61
21   22    10             lee kang-seok    south korea  1:10.52       +1.63
22   23    14               even wetten         norway  1:10.57       +1.68
23   24    17                   mun jun    south korea  1:10.66       +1.77
24   25    10            janne hänninen        finland  1:10.83       +1.94
25   26     2              mika poutala        finland  1:11.03       +2.14
26   27    14         takaharu nakajima          japan  1:11.10       +2.21
27   28     3         takahiro ushiyama          japan  1:11.21       +2.32
28   29    12                steven elm         canada  1:11.36       +2.47
29   30     8          maurizio carnino          italy  1:11.44       +2.55
30   31     1             pekka koskela        finland  1:11.45       +2.56
31   32     1       keiichiro nagashima          japan  1:11.78       +2.89
32   33     1               an weijiang          china  1:11.80       +2.91
33   34     1               yu fengtong          china  1:11.90       +3.01
34   35     7             zhang zhongqi          china  1:12.29       +3.40
35   36     8          aleksandr zhigin     kazakhstan  1:12.36       +3.47
36   37     9           risto rosendahl        finland  1:12.60       +3.71
37   38     5                   lu zhuo          china  1:12.69       +3.80
38    –     5         maciej ustynowicz         poland       dq           –
39    –     2          ermanno ioriatti          italy       dq           –
40    –     6           erik zachrisson         sweden       dq           –
Sample 398 - Plan 1: Caption: none
Sample 398 - Plan 1: Original table: [['rank', 'pair', 'name', 'country', 'time', 'time_behind'], ['', '19', 'shani davis', 'united states', '1:08.89', ''], ['', '20', 'joey cheek', 'united states', '1:09.16', '+0.27'], ['', '21', 'erben wennemars', 'netherlands', '1:09.32', '+0.43'], ['4', '20', 'lee kyou-hyuk', 'south korea', '1:09.37', '+0.48'], ['5', '21', 'jan bos', 'netherlands', '1:09.42', '+0.53'], ['6', '4', 'chad hedrick', 'united states', '1:09.45', '+0.56'], ['7', '16', 'yevgeny lalenkov', 'russia', '1:09.46', '+0.57'], ['8', '18', 'stefan groothuis', 'netherlands', '1:09.57', '+0.68'], ['9', '18', 'casey fitzrandolph', 'united states', '1:09.59', '+0.70'], ['10', '6', 'dmitry dorofeyev', 'russia', '1:09.74', '+0.85'], ['11', '19', 'jeremy wotherspoon', 'canada', '1:09.76', '+0.87'], ['12', '9', 'beorn nijenhuis', 'netherlands', '1:09.85', '+0.96'], ['13', '4', 'konrad niedźwiedzki', 'poland', '1:09.95', '+1.06'], ['14', '16', 'mikael flygind larsen', 'norway', '1:10.13', '+1.24'], ['15', '13', 'alexey proshin', 'russia', '1:10.14', '+1.25'], ['16', '7', 'françois-olivier roberge', 'canada', '1:10.20', '+1.31'], ['17', '11', 'choi jae-bong', 'south korea', '1:10.23', '+1.34'], ['18', '12', 'petter andersen', 'norway', '1:10.38', '+1.38'], ['19', '17', 'denny morrison', 'canada', '1:10.44', '+1.44'], ['20', '15', 'yusuke imai', 'japan', '1:10.48', '+1.59'], ['21', '15', 'aleksandr kibalko', 'russia', '1:10.50', '+1.61'], ['22', '10', 'lee kang-seok', 'south korea', '1:10.52', '+1.63'], ['23', '14', 'even wetten', 'norway', '1:10.57', '+1.68'], ['24', '17', 'mun jun', 'south korea', '1:10.66', '+1.77'], ['25', '10', 'janne hänninen', 'finland', '1:10.83', '+1.94'], ['26', '2', 'mika poutala', 'finland', '1:11.03', '+2.14'], ['27', '14', 'takaharu nakajima', 'japan', '1:11.10', '+2.21'], ['28', '3', 'takahiro ushiyama', 'japan', '1:11.21', '+2.32'], ['29', '12', 'steven elm', 'canada', '1:11.36', '+2.47'], ['30', '8', 'maurizio carnino', 'italy', '1:11.44', '+2.55'], ['31', '1', 'pekka koskela', 'finland', '1:11.45', '+2.56'], ['32', '1', 'keiichiro nagashima', 'japan', '1:11.78', '+2.89'], ['33', '1', 'an weijiang', 'china', '1:11.80', '+2.91'], ['34', '1', 'yu fengtong', 'china', '1:11.90', '+3.01'], ['35', '7', 'zhang zhongqi', 'china', '1:12.29', '+3.40'], ['36', '8', 'aleksandr zhigin', 'kazakhstan', '1:12.36', '+3.47'], ['37', '9', 'risto rosendahl', 'finland', '1:12.60', '+3.71'], ['38', '5', 'lu zhuo', 'china', '1:12.69', '+3.80'], ['–', '5', 'maciej ustynowicz', 'poland', 'dq', '–'], ['–', '2', 'ermanno ioriatti', 'italy', 'dq', '–'], ['–', '6', 'erik zachrisson', 'sweden', 'dq', '–']]
########################################################################################################################
Sample 398 - Plan 1: Operation 1: Order the table by the 'rank' column in ascending order.
Sample 398 - Plan 1: Selected indices: [[4, 0], [37, 0], [17, 0], [28, 0], [19, 0], [30, 0], [8, 0], [10, 0], [32, 0], [1, 0], [21, 0], [12, 0], [23, 0], [34, 0], [14, 0], [36, 0], [3, 0], [5, 0], [27, 0], [25, 0], [16, 0], [38, 0], [18, 0], [29, 0], [7, 0], [40, 0], [20, 0], [31, 0], [22, 0], [9, 0], [0, 0], [11, 0], [33, 0], [2, 0], [13, 0], [24, 0], [35, 0], [15, 0], [26, 0], [6, 0], [39, 0]]
Sample 398 - Plan 1: X-Table after operation df:
   rank  pair                      name        country     time time_behind
0          19               shani davis  united states  1:08.89            
1          20                joey cheek  united states  1:09.16       +0.27
2          21           erben wennemars    netherlands  1:09.32       +0.43
3    10     6          dmitry dorofeyev         russia  1:09.74       +0.85
4    11    19        jeremy wotherspoon         canada  1:09.76       +0.87
5    12     9           beorn nijenhuis    netherlands  1:09.85       +0.96
6    13     4       konrad niedźwiedzki         poland  1:09.95       +1.06
7    14    16     mikael flygind larsen         norway  1:10.13       +1.24
8    15    13            alexey proshin         russia  1:10.14       +1.25
9    16     7  françois-olivier roberge         canada  1:10.20       +1.31
10   17    11             choi jae-bong    south korea  1:10.23       +1.34
11   18    12           petter andersen         norway  1:10.38       +1.38
12   19    17            denny morrison         canada  1:10.44       +1.44
13   20    15               yusuke imai          japan  1:10.48       +1.59
14   21    15         aleksandr kibalko         russia  1:10.50       +1.61
15   22    10             lee kang-seok    south korea  1:10.52       +1.63
16   23    14               even wetten         norway  1:10.57       +1.68
17   24    17                   mun jun    south korea  1:10.66       +1.77
18   25    10            janne hänninen        finland  1:10.83       +1.94
19   26     2              mika poutala        finland  1:11.03       +2.14
20   27    14         takaharu nakajima          japan  1:11.10       +2.21
21   28     3         takahiro ushiyama          japan  1:11.21       +2.32
22   29    12                steven elm         canada  1:11.36       +2.47
23   30     8          maurizio carnino          italy  1:11.44       +2.55
24   31     1             pekka koskela        finland  1:11.45       +2.56
25   32     1       keiichiro nagashima          japan  1:11.78       +2.89
26   33     1               an weijiang          china  1:11.80       +2.91
27   34     1               yu fengtong          china  1:11.90       +3.01
28   35     7             zhang zhongqi          china  1:12.29       +3.40
29   36     8          aleksandr zhigin     kazakhstan  1:12.36       +3.47
30   37     9           risto rosendahl        finland  1:12.60       +3.71
31   38     5                   lu zhuo          china  1:12.69       +3.80
32    4    20             lee kyou-hyuk    south korea  1:09.37       +0.48
33    5    21                   jan bos    netherlands  1:09.42       +0.53
34    6     4              chad hedrick  united states  1:09.45       +0.56
35    7    16          yevgeny lalenkov         russia  1:09.46       +0.57
36    8    18          stefan groothuis    netherlands  1:09.57       +0.68
37    9    18        casey fitzrandolph  united states  1:09.59       +0.70
38    –     5         maciej ustynowicz         poland       dq           –
39    –     2          ermanno ioriatti          italy       dq           –
40    –     6           erik zachrisson         sweden       dq           –
Sample 398 - Plan 1: Table after operation: [['rank', 'pair', 'name', 'country', 'time', 'time_behind'], ['', 19, 'shani davis', 'united states', '1:08.89', ''], ['', 20, 'joey cheek', 'united states', '1:09.16', '+0.27'], ['', 21, 'erben wennemars', 'netherlands', '1:09.32', '+0.43'], ['10', 6, 'dmitry dorofeyev', 'russia', '1:09.74', '+0.85'], ['11', 19, 'jeremy wotherspoon', 'canada', '1:09.76', '+0.87'], ['12', 9, 'beorn nijenhuis', 'netherlands', '1:09.85', '+0.96'], ['13', 4, 'konrad niedźwiedzki', 'poland', '1:09.95', '+1.06'], ['14', 16, 'mikael flygind larsen', 'norway', '1:10.13', '+1.24'], ['15', 13, 'alexey proshin', 'russia', '1:10.14', '+1.25'], ['16', 7, 'françois-olivier roberge', 'canada', '1:10.20', '+1.31'], ['17', 11, 'choi jae-bong', 'south korea', '1:10.23', '+1.34'], ['18', 12, 'petter andersen', 'norway', '1:10.38', '+1.38'], ['19', 17, 'denny morrison', 'canada', '1:10.44', '+1.44'], ['20', 15, 'yusuke imai', 'japan', '1:10.48', '+1.59'], ['21', 15, 'aleksandr kibalko', 'russia', '1:10.50', '+1.61'], ['22', 10, 'lee kang-seok', 'south korea', '1:10.52', '+1.63'], ['23', 14, 'even wetten', 'norway', '1:10.57', '+1.68'], ['24', 17, 'mun jun', 'south korea', '1:10.66', '+1.77'], ['25', 10, 'janne hänninen', 'finland', '1:10.83', '+1.94'], ['26', 2, 'mika poutala', 'finland', '1:11.03', '+2.14'], ['27', 14, 'takaharu nakajima', 'japan', '1:11.10', '+2.21'], ['28', 3, 'takahiro ushiyama', 'japan', '1:11.21', '+2.32'], ['29', 12, 'steven elm', 'canada', '1:11.36', '+2.47'], ['30', 8, 'maurizio carnino', 'italy', '1:11.44', '+2.55'], ['31', 1, 'pekka koskela', 'finland', '1:11.45', '+2.56'], ['32', 1, 'keiichiro nagashima', 'japan', '1:11.78', '+2.89'], ['33', 1, 'an weijiang', 'china', '1:11.80', '+2.91'], ['34', 1, 'yu fengtong', 'china', '1:11.90', '+3.01'], ['35', 7, 'zhang zhongqi', 'china', '1:12.29', '+3.40'], ['36', 8, 'aleksandr zhigin', 'kazakhstan', '1:12.36', '+3.47'], ['37', 9, 'risto rosendahl', 'finland', '1:12.60', '+3.71'], ['38', 5, 'lu zhuo', 'china', '1:12.69', '+3.80'], ['4', 20, 'lee kyou-hyuk', 'south korea', '1:09.37', '+0.48'], ['5', 21, 'jan bos', 'netherlands', '1:09.42', '+0.53'], ['6', 4, 'chad hedrick', 'united states', '1:09.45', '+0.56'], ['7', 16, 'yevgeny lalenkov', 'russia', '1:09.46', '+0.57'], ['8', 18, 'stefan groothuis', 'netherlands', '1:09.57', '+0.68'], ['9', 18, 'casey fitzrandolph', 'united states', '1:09.59', '+0.70'], ['–', 5, 'maciej ustynowicz', 'poland', 'dq', '–'], ['–', 2, 'ermanno ioriatti', 'italy', 'dq', '–'], ['–', 6, 'erik zachrisson', 'sweden', 'dq', '–']]
########################################################################################################################
Sample 398 - Plan 1: Operation 2: Select row number 1.
Sample 398 - Plan 1: Selected indices: []
Sample 398 - Plan 1: X-Table after operation df:
   rank  pair         name        country     time  time_behind
0   NaN    19  shani davis  united states  1:08.89          NaN
Sample 398 - Plan 1: Table after operation: [['rank', 'pair', 'name', 'country', 'time', 'time_behind'], ['', 19, 'shani davis', 'united states', '1:08.89', '']]
########################################################################################################################
Sample 398 - Plan 1: Operation 3: Select the 'country' column.
Sample 398 - Plan 1: Selected indices: []
Sample 398 - Plan 1: X-Table after operation df:
         country
0  united states
Sample 398 - Plan 1: Table after operation: [['country'], ['united states']]
Fall-back: FALSE
Answer from plan 1: [['united states']]
Groundtruth: ['United States']
